{
 "cells": [
  {
   "cell_type": "code",
   "execution_count": 194,
   "metadata": {},
   "outputs": [],
   "source": [
    "#####ベイジアン多変量回帰モデル#####\n",
    "import numpy as np\n",
    "import pandas as pd\n",
    "import matplotlib.pyplot  as plt\n",
    "import numpy.matlib\n",
    "import scipy\n",
    "import scipy.linalg\n",
    "import scipy.stats as ss\n",
    "import seaborn as sns\n",
    "from numpy.random import *\n",
    "from scipy import optimize\n",
    "from scipy.stats import norm\n",
    "from scipy import sparse"
   ]
  },
  {
   "cell_type": "code",
   "execution_count": 195,
   "metadata": {},
   "outputs": [],
   "source": [
    "####任意の相関行列(分散共分散行列)を作成する関数####\n",
    "##任意の相関行列を作る関数\n",
    "def CorM(col, lower, upper, eigen_lower, eigen_upper):\n",
    "    #相関行列の初期値を定義する\n",
    "    cov_vec = (upper - lower) *rand(col*col) + lower   #相関係数の乱数ベクトルを作成\n",
    "    rho = np.reshape(np.array(cov_vec), (col, col)) * np.tri(col)   #乱数ベクトルを下三角行列化\n",
    "    Sigma = np.diag(np.diag(rho + rho.T) + 1) - (rho + rho.T)   #対角成分を1にする\n",
    "    \n",
    "    #相関行列を正定値行列に変更\n",
    "    #固有値分解を実行\n",
    "    eigen = scipy.linalg.eigh(Sigma)\n",
    "    eigen_val = eigen[0] \n",
    "    eigen_vec = eigen[1]\n",
    "    \n",
    "    #固有値が負の数値を正にする\n",
    "    for i in range(eigen_val.shape[0]-1):\n",
    "        if eigen_val[i] < 0:\n",
    "            eigen_val[i] = (eigen_upper - eigen_lower) * rand(1) + eigen_lower\n",
    "            \n",
    "    #新しい相関行列の定義と対角成分を1にする\n",
    "    Sigma = np.dot(np.dot(eigen_vec, np.diag(eigen_val)), eigen_vec.T)\n",
    "    normalization_factor = np.dot(pow(np.diag(Sigma), 0.5)[:, np.newaxis], pow(np.diag(Sigma), 0.5)[np.newaxis, :])\n",
    "    Cor = Sigma / normalization_factor\n",
    "    return Cor"
   ]
  },
  {
   "cell_type": "code",
   "execution_count": 196,
   "metadata": {},
   "outputs": [],
   "source": [
    "##相関行列から分散共分散行列に変換する関数\n",
    "def covmatrix(Cor, sigma_lower, sigma_upper):\n",
    "    sigma = (sigma_upper - sigma_lower) * rand(np.diag(Cor).shape[0]) + sigma_lower\n",
    "    sigma_factor = np.dot(sigma[:, np.newaxis], sigma[np.newaxis, :])\n",
    "    Cov = Cor * sigma_factor\n",
    "    return Cov"
   ]
  },
  {
   "cell_type": "code",
   "execution_count": 197,
   "metadata": {},
   "outputs": [
    {
     "name": "stdout",
     "output_type": "stream",
     "text": [
      "[0.01212591 0.04858181 0.05148518 0.06296414 0.41395099 1.21760146\n",
      " 1.49409515 1.68747876 2.38458124 2.62713536]\n",
      "[[ 1.    -0.026 -0.526  0.309 -0.22  -0.239 -0.08  -0.338 -0.384 -0.243]\n",
      " [-0.026  1.    -0.363  0.248  0.433  0.306  0.168 -0.001  0.37  -0.511]\n",
      " [-0.526 -0.363  1.     0.248  0.064  0.511 -0.074  0.341 -0.084  0.179]\n",
      " [ 0.309  0.248  0.248  1.     0.291  0.42  -0.455 -0.023  0.061 -0.554]\n",
      " [-0.22   0.433  0.064  0.291  1.     0.051  0.216 -0.188 -0.088  0.212]\n",
      " [-0.239  0.306  0.511  0.42   0.051  1.     0.12   0.715 -0.13  -0.295]\n",
      " [-0.08   0.168 -0.074 -0.455  0.216  0.12   1.     0.042 -0.538  0.535]\n",
      " [-0.338 -0.001  0.341 -0.023 -0.188  0.715  0.042  1.    -0.14  -0.039]\n",
      " [-0.384  0.37  -0.084  0.061 -0.088 -0.13  -0.538 -0.14   1.    -0.572]\n",
      " [-0.243 -0.511  0.179 -0.554  0.212 -0.295  0.535 -0.039 -0.572  1.   ]]\n",
      "[0.04244049 0.16678034 0.19240117 0.21680475 1.53090728 4.35677803\n",
      " 5.00125325 6.26224381 8.92582477 9.15458385]\n",
      "[[ 3.384 -0.092 -1.93   0.963 -0.806 -0.861 -0.261 -1.227 -1.277 -0.865]\n",
      " [-0.092  3.802 -1.413  0.82   1.681  1.166  0.582 -0.005  1.306 -1.928]\n",
      " [-1.93  -1.413  3.981  0.838  0.252  1.993 -0.263  1.339 -0.304  0.69 ]\n",
      " [ 0.963  0.82   0.838  2.867  0.979  1.39  -1.364 -0.078  0.186 -1.813]\n",
      " [-0.806  1.681  0.252  0.979  3.963  0.198  0.761 -0.736 -0.318  0.816]\n",
      " [-0.861  1.166  1.993  1.39   0.198  3.822  0.415  2.753 -0.461 -1.116]\n",
      " [-0.261  0.582 -0.263 -1.364  0.761  0.415  3.14   0.148 -1.725  1.832]\n",
      " [-1.227 -0.005  1.339 -0.078 -0.736  2.753  0.148  3.882 -0.498 -0.149]\n",
      " [-1.277  1.306 -0.304  0.186 -0.318 -0.461 -1.725 -0.498  3.271 -2.001]\n",
      " [-0.865 -1.928  0.69  -1.813  0.816 -1.116  1.832 -0.149 -2.001  3.738]]\n"
     ]
    }
   ],
   "source": [
    "####データの発生####\n",
    "#データの設定\n",
    "n = 100000   #サンプル数\n",
    "k = 6   #応答変数数\n",
    "\n",
    "##任意の分散共分散行列を発生させる\n",
    "#パラメータを設定\n",
    "col = 10\n",
    "lower = -0.9\n",
    "upper = 0.9\n",
    "eigen_lower = 0\n",
    "eigen_upper = 0.1\n",
    "sigma_lower = 1.5\n",
    "sigma_upper = 2.0\n",
    "\n",
    "#相関行列を発生させる\n",
    "Cor = CorM(col=col, lower=lower, upper=upper, eigen_lower=eigen_lower, eigen_upper=eigen_upper)\n",
    "print(scipy.linalg.eigh(Cor)[0])   #正定値かどうか確認\n",
    "print(np.round(Cor, 3))   #相関行列を確認\n",
    "\n",
    "#分散共分散行列に変換\n",
    "Cov = covmatrix(Cor=Cor, sigma_lower=sigma_lower, sigma_upper=sigma_upper)\n",
    "print(scipy.linalg.eigh(Cov)[0])\n",
    "print(np.round(Cov, 3))\n",
    "\n",
    "\n",
    "##説明変数の発生\n",
    "#連続変数の発生\n",
    "cont = 8\n",
    "X_cont = randn(n, cont)\n",
    "\n",
    "#二値変数の発生\n",
    "bin = 10\n",
    "X_bin = np.zeros((n, bin))\n",
    "\n",
    "for i in range(X_bin.shape[1]):\n",
    "    p_bin = (0.7 - 0.4) * rand() + 0.4\n",
    "    X_bin[:, i] = binomial(1, p_bin, n)\n",
    "\n",
    "#多値変数の発生\n",
    "multi = 8\n",
    "p_multi = np.random.dirichlet(np.repeat(1.0, multi))\n",
    "X_multi = multinomial(1, p_multi, n)\n",
    "\n",
    "multi_sums = np.sum(X_multi, axis=0)\n",
    "X_multi = np.delete(X_multi, multi_sums.argmin(), axis=1)   #冗長な変数を削除\n",
    "\n",
    "#説明変数を結合\n",
    "intercept = np.ones((n, 1))\n",
    "X = np.concatenate((intercept, X_cont, X_bin, X_multi), axis=1)\n",
    "col = X.shape[1]"
   ]
  },
  {
   "cell_type": "code",
   "execution_count": 198,
   "metadata": {
    "scrolled": true
   },
   "outputs": [
    {
     "name": "stdout",
     "output_type": "stream",
     "text": [
      "[[ 1.    -0.693 -0.461  0.201  0.456  0.435]\n",
      " [-0.693  1.     0.664 -0.703  0.177 -0.294]\n",
      " [-0.461  0.664  1.    -0.28  -0.085  0.434]\n",
      " [ 0.201 -0.703 -0.28   1.    -0.725  0.453]\n",
      " [ 0.456  0.177 -0.085 -0.725  1.    -0.148]\n",
      " [ 0.435 -0.294  0.434  0.453 -0.148  1.   ]]\n",
      "[[ 2.87  -1.956 -1.665  0.667  1.465  1.213]\n",
      " [-1.956  2.78   2.363 -2.295  0.559 -0.807]\n",
      " [-1.665  2.363  4.55  -1.168 -0.342  1.524]\n",
      " [ 0.667 -2.295 -1.168  3.83  -2.692  1.459]\n",
      " [ 1.465  0.559 -0.342 -2.692  3.602 -0.463]\n",
      " [ 1.213 -0.807  1.524  1.459 -0.463  2.711]]\n",
      "[4.82558831 4.35520663 3.35715477 ... 2.31940226 6.62058176 4.46680642]\n"
     ]
    },
    {
     "ename": "MemoryError",
     "evalue": "",
     "output_type": "error",
     "traceback": [
      "\u001b[1;31m---------------------------------------------------------------------------\u001b[0m",
      "\u001b[1;31mMemoryError\u001b[0m                               Traceback (most recent call last)",
      "\u001b[1;32m<ipython-input-198-16da4a0245a8>\u001b[0m in \u001b[0;36m<module>\u001b[1;34m()\u001b[0m\n\u001b[0;32m     38\u001b[0m \u001b[1;31m#発生させた応答変数の集計\u001b[0m\u001b[1;33m\u001b[0m\u001b[1;33m\u001b[0m\u001b[0m\n\u001b[0;32m     39\u001b[0m \u001b[0mprint\u001b[0m\u001b[1;33m(\u001b[0m\u001b[0mnp\u001b[0m\u001b[1;33m.\u001b[0m\u001b[0maverage\u001b[0m\u001b[1;33m(\u001b[0m\u001b[0mY\u001b[0m\u001b[1;33m,\u001b[0m \u001b[0maxis\u001b[0m\u001b[1;33m=\u001b[0m\u001b[1;36m1\u001b[0m\u001b[1;33m)\u001b[0m\u001b[1;33m)\u001b[0m\u001b[1;33m\u001b[0m\u001b[0m\n\u001b[1;32m---> 40\u001b[1;33m \u001b[0mprint\u001b[0m\u001b[1;33m(\u001b[0m\u001b[0mnp\u001b[0m\u001b[1;33m.\u001b[0m\u001b[0mcorrcoef\u001b[0m\u001b[1;33m(\u001b[0m\u001b[0mY\u001b[0m\u001b[1;33m)\u001b[0m\u001b[1;33m)\u001b[0m\u001b[1;33m\u001b[0m\u001b[0m\n\u001b[0m\u001b[0;32m     41\u001b[0m \u001b[1;33m\u001b[0m\u001b[0m\n\u001b[0;32m     42\u001b[0m \u001b[1;31m#scatter_matrix(pd.DataFrame(Y), diagonal=\"kde\", color=\"k\", alpha=0.3)\u001b[0m\u001b[1;33m\u001b[0m\u001b[1;33m\u001b[0m\u001b[0m\n",
      "\u001b[1;32m~\\Anaconda3\\lib\\site-packages\\numpy\\lib\\function_base.py\u001b[0m in \u001b[0;36mcorrcoef\u001b[1;34m(x, y, rowvar, bias, ddof)\u001b[0m\n\u001b[0;32m   3173\u001b[0m         warnings.warn('bias and ddof have no effect and are deprecated',\n\u001b[0;32m   3174\u001b[0m                       DeprecationWarning, stacklevel=2)\n\u001b[1;32m-> 3175\u001b[1;33m     \u001b[0mc\u001b[0m \u001b[1;33m=\u001b[0m \u001b[0mcov\u001b[0m\u001b[1;33m(\u001b[0m\u001b[0mx\u001b[0m\u001b[1;33m,\u001b[0m \u001b[0my\u001b[0m\u001b[1;33m,\u001b[0m \u001b[0mrowvar\u001b[0m\u001b[1;33m)\u001b[0m\u001b[1;33m\u001b[0m\u001b[0m\n\u001b[0m\u001b[0;32m   3176\u001b[0m     \u001b[1;32mtry\u001b[0m\u001b[1;33m:\u001b[0m\u001b[1;33m\u001b[0m\u001b[0m\n\u001b[0;32m   3177\u001b[0m         \u001b[0md\u001b[0m \u001b[1;33m=\u001b[0m \u001b[0mdiag\u001b[0m\u001b[1;33m(\u001b[0m\u001b[0mc\u001b[0m\u001b[1;33m)\u001b[0m\u001b[1;33m\u001b[0m\u001b[0m\n",
      "\u001b[1;32m~\\Anaconda3\\lib\\site-packages\\numpy\\lib\\function_base.py\u001b[0m in \u001b[0;36mcov\u001b[1;34m(m, y, rowvar, bias, ddof, fweights, aweights)\u001b[0m\n\u001b[0;32m   3106\u001b[0m     \u001b[1;32melse\u001b[0m\u001b[1;33m:\u001b[0m\u001b[1;33m\u001b[0m\u001b[0m\n\u001b[0;32m   3107\u001b[0m         \u001b[0mX_T\u001b[0m \u001b[1;33m=\u001b[0m \u001b[1;33m(\u001b[0m\u001b[0mX\u001b[0m\u001b[1;33m*\u001b[0m\u001b[0mw\u001b[0m\u001b[1;33m)\u001b[0m\u001b[1;33m.\u001b[0m\u001b[0mT\u001b[0m\u001b[1;33m\u001b[0m\u001b[0m\n\u001b[1;32m-> 3108\u001b[1;33m     \u001b[0mc\u001b[0m \u001b[1;33m=\u001b[0m \u001b[0mdot\u001b[0m\u001b[1;33m(\u001b[0m\u001b[0mX\u001b[0m\u001b[1;33m,\u001b[0m \u001b[0mX_T\u001b[0m\u001b[1;33m.\u001b[0m\u001b[0mconj\u001b[0m\u001b[1;33m(\u001b[0m\u001b[1;33m)\u001b[0m\u001b[1;33m)\u001b[0m\u001b[1;33m\u001b[0m\u001b[0m\n\u001b[0m\u001b[0;32m   3109\u001b[0m     \u001b[0mc\u001b[0m \u001b[1;33m*=\u001b[0m \u001b[1;36m1.\u001b[0m \u001b[1;33m/\u001b[0m \u001b[0mnp\u001b[0m\u001b[1;33m.\u001b[0m\u001b[0mfloat64\u001b[0m\u001b[1;33m(\u001b[0m\u001b[0mfact\u001b[0m\u001b[1;33m)\u001b[0m\u001b[1;33m\u001b[0m\u001b[0m\n\u001b[0;32m   3110\u001b[0m     \u001b[1;32mreturn\u001b[0m \u001b[0mc\u001b[0m\u001b[1;33m.\u001b[0m\u001b[0msqueeze\u001b[0m\u001b[1;33m(\u001b[0m\u001b[1;33m)\u001b[0m\u001b[1;33m\u001b[0m\u001b[0m\n",
      "\u001b[1;31mMemoryError\u001b[0m: "
     ]
    }
   ],
   "source": [
    "##応答変数の発生\n",
    "#回帰パラメータの発生\n",
    "BETA = np.zeros([X.shape[1], k])\n",
    "\n",
    "for i in range(BETA.shape[1]):\n",
    "    beta01 = uniform(1.5, 3.0, 1)\n",
    "    beta02 = uniform(0, 1.0, cont)\n",
    "    beta03 = uniform(-1.2, 1.6, (bin+multi-1))\n",
    "    BETA[:, i] = np.concatenate((beta01, beta02, beta03), axis=0).T\n",
    "BETAT = BETA\n",
    "\n",
    "#分散共分散行列の発生\n",
    "lower = -0.75\n",
    "upper = 0.9\n",
    "eigen_lower = 0\n",
    "eigen_upper = 0.1\n",
    "sigma_lower = 1.5\n",
    "sigma_upper = 2.2\n",
    "\n",
    "#相関行列を発生させる\n",
    "Cor = CorM(col=k, lower=lower, upper=upper, eigen_lower=eigen_lower, eigen_upper=eigen_upper)\n",
    "print(np.round(Cor, 3))   #相関行列を確認\n",
    "\n",
    "#分散共分散行列に変換\n",
    "Cov = covmatrix(Cor=Cor, sigma_lower=sigma_lower, sigma_upper=sigma_upper)\n",
    "Covt = Cov\n",
    "print(np.round(Cov, 3))\n",
    "\n",
    "#回帰モデルの平均構造を設定\n",
    "Z = np.dot(X, BETA)\n",
    "\n",
    "#平均構造に多変量正規分布の誤差を加える\n",
    "Y = np.zeros((n, k))\n",
    "\n",
    "for i in range(Y.shape[0]):\n",
    "    Y[i, ] = np.random.multivariate_normal(Z[i, :], Cov)\n",
    "\n",
    "#発生させた応答変数の集計\n",
    "print(np.average(Y, axis=1))\n",
    "print(np.corrcoef(Y))\n",
    "\n",
    "#scatter_matrix(pd.DataFrame(Y), diagonal=\"kde\", color=\"k\", alpha=0.3)\n",
    "Y_pd = pd.DataFrame(Y)\n",
    "scatter_matrix(Y_pd, diagonal='kde', color='k', alpha=0.3)\n",
    "plt.show()"
   ]
  },
  {
   "cell_type": "code",
   "execution_count": 199,
   "metadata": {},
   "outputs": [],
   "source": [
    "#####ギブスサンプリングで多変量回帰モデルを推定#####\n",
    "##多変量正規分布の密度関数\n",
    "def dmv(x, mu, Cov, k):\n",
    "    er = x - mu\n",
    "    Cov_inv = np.linalg.inv(Cov) \n",
    "    LLo = 1 / (np.sqrt(pow((2 * np.pi), k) * np.linalg.det(Cov))) * np.exp(-1/2 * np.dot(np.dot(er, Cov_inv) *er, np.ones(k)))\n",
    "    return(LLo)"
   ]
  },
  {
   "cell_type": "code",
   "execution_count": 200,
   "metadata": {},
   "outputs": [],
   "source": [
    "##アルゴリズムの設定\n",
    "LL1 = -100000000   #対数尤度の初期値\n",
    "R = 10000   #サンプリング回数\n",
    "keep = 4   #4回に1回の割合でサンプリング結果を保存\n",
    "disp = 200\n",
    "sbeta = 1.5"
   ]
  },
  {
   "cell_type": "code",
   "execution_count": 201,
   "metadata": {},
   "outputs": [],
   "source": [
    "##事前分布の設定\n",
    "Deltabar = np.zeros((col, k))\n",
    "ADelta = 0.01 * np.diag(np.ones(col))\n",
    "nu = k + 1\n",
    "V = nu * np.diag(np.ones(k))"
   ]
  },
  {
   "cell_type": "code",
   "execution_count": 202,
   "metadata": {},
   "outputs": [
    {
     "data": {
      "text/plain": [
       "-8927636.0201689"
      ]
     },
     "execution_count": 202,
     "metadata": {},
     "output_type": "execute_result"
    }
   ],
   "source": [
    "##初期値の設定\n",
    "beta = np.zeros((col, k))\n",
    "Cov = np.diag(np.ones(k))\n",
    "np.sum(np.log(dmv(Y, np.dot(X, beta), Cov, k)))   #初期値での対数尤度"
   ]
  },
  {
   "cell_type": "code",
   "execution_count": 203,
   "metadata": {},
   "outputs": [],
   "source": [
    "##定数の設定\n",
    "XX = np.dot(X.T, X)\n",
    "XY = np.dot(X.T, Y)\n",
    "inv_XXV = np.linalg.inv(np.dot(X.T, X) + ADelta)"
   ]
  },
  {
   "cell_type": "code",
   "execution_count": 204,
   "metadata": {},
   "outputs": [],
   "source": [
    "##パラメータの格納用配列\n",
    "BETA = np.zeros((col, k, int(R/keep)))\n",
    "COV = np.zeros((k, k, int(R/keep)))\n",
    "LL = np.zeros((int(R/keep)))"
   ]
  },
  {
   "cell_type": "code",
   "execution_count": 205,
   "metadata": {},
   "outputs": [
    {
     "name": "stdout",
     "output_type": "stream",
     "text": [
      "0\n",
      "-730958.1587145946\n",
      "200\n",
      "-729742.208586841\n",
      "400\n",
      "-729723.8941236418\n",
      "600\n",
      "-729729.6083736494\n",
      "800\n",
      "-729726.0353476817\n",
      "1000\n",
      "-729724.2977674415\n",
      "1200\n",
      "-729724.2897091351\n",
      "1400\n",
      "-729720.360285927\n",
      "1600\n",
      "-729737.7322277434\n",
      "1800\n",
      "-729739.966223167\n",
      "2000\n",
      "-729747.1945274046\n",
      "2200\n",
      "-729720.5157470453\n",
      "2400\n",
      "-729741.3068941057\n",
      "2600\n",
      "-729732.4856409895\n",
      "2800\n",
      "-729744.8592268145\n",
      "3000\n",
      "-729743.0307464917\n",
      "3200\n",
      "-729720.7820367438\n",
      "3400\n",
      "-729729.9752413115\n",
      "3600\n",
      "-729726.9085562738\n",
      "3800\n",
      "-729732.3587619149\n",
      "4000\n",
      "-729743.1155158952\n",
      "4200\n",
      "-729739.1897177391\n",
      "4400\n",
      "-729737.1182540002\n",
      "4600\n",
      "-729733.395259307\n",
      "4800\n",
      "-729726.727293381\n",
      "5000\n",
      "-729742.9075687827\n",
      "5200\n",
      "-729707.7827085743\n",
      "5400\n",
      "-729725.1981666194\n",
      "5600\n",
      "-729744.7223866575\n",
      "5800\n",
      "-729731.5061801315\n",
      "6000\n",
      "-729722.8151619958\n",
      "6200\n",
      "-729722.0669739401\n",
      "6400\n",
      "-729741.8303358781\n",
      "6600\n",
      "-729747.9560273441\n",
      "6800\n",
      "-729739.5351086125\n",
      "7000\n",
      "-729739.2466248085\n",
      "7200\n",
      "-729728.6623208985\n",
      "7400\n",
      "-729744.954133098\n",
      "7600\n",
      "-729729.5037908634\n",
      "7800\n",
      "-729729.3763233989\n",
      "8000\n",
      "-729724.1210502834\n",
      "8200\n",
      "-729744.6610098436\n",
      "8400\n",
      "-729733.5557599239\n",
      "8600\n",
      "-729727.8287841325\n",
      "8800\n",
      "-729726.2834718128\n",
      "9000\n",
      "-729733.2276453474\n",
      "9200\n",
      "-729732.6480227235\n",
      "9400\n",
      "-729747.4193744729\n",
      "9600\n",
      "-729717.0086199766\n",
      "9800\n",
      "-729734.3086530953\n"
     ]
    }
   ],
   "source": [
    "####ギブスサンプラーでパラメータをサンプリング####\n",
    "for rp in range(R):\n",
    "    ##多変量正規分布から回帰行列をサンプリング\n",
    "    #事後分布のパラメータを設定\n",
    "    beta_mu = np.dot(inv_XXV, XY + np.dot(ADelta, Deltabar)).T.reshape(-1)   #平均ベクトル\n",
    "    sigma = np.kron(Cov, inv_XXV)   #分散共分散行列\n",
    "\n",
    "    #パラメータをサンプリング\n",
    "    beta_vec = np.random.multivariate_normal(beta_mu, sigma, 1)\n",
    "    beta = beta_vec.reshape(col, k, order='F')   #回帰行列に変換\n",
    "\n",
    "    \n",
    "    ##逆ウィシャート分布から分散共分散行列をサンプリング\n",
    "    #モデル誤差を設定\n",
    "    mu = np.dot(X, beta)\n",
    "    er = Y - mu\n",
    "\n",
    "    #逆ウィシャート分布のパラメータ\n",
    "    IW_R = np.dot(er.T, er) + V\n",
    "    Sn = n + nu\n",
    "\n",
    "    #パラメータをサンプリング\n",
    "    Cov = scipy.stats.invwishart.rvs(Sn, IW_R, 1)\n",
    "\n",
    "    \n",
    "    ##パラメータの格納とサンプリング結果の表示\n",
    "    #サンプリング結果の格納\n",
    "    if rp%keep==0:\n",
    "        mkeep = rp//keep\n",
    "        BETA[:, :, mkeep] = beta\n",
    "        COV[:, :, mkeep] = Cov\n",
    "\n",
    "    if rp%disp==0:\n",
    "        #対数尤度の更新\n",
    "        LL = np.sum(np.log(dmv(Y, mu, Cov, k)))\n",
    "\n",
    "        #サンプリング結果を確認\n",
    "        print(rp)\n",
    "        print(LL)"
   ]
  },
  {
   "cell_type": "code",
   "execution_count": null,
   "metadata": {},
   "outputs": [],
   "source": []
  }
 ],
 "metadata": {
  "kernelspec": {
   "display_name": "Python 3",
   "language": "python",
   "name": "python3"
  },
  "language_info": {
   "codemirror_mode": {
    "name": "ipython",
    "version": 3
   },
   "file_extension": ".py",
   "mimetype": "text/x-python",
   "name": "python",
   "nbconvert_exporter": "python",
   "pygments_lexer": "ipython3",
   "version": "3.6.4"
  }
 },
 "nbformat": 4,
 "nbformat_minor": 2
}
